0 110249.99999999999 2.9802322387695312e-08 -0
350 99224.99999999999 3.665812500000002e+07 -13256.181538254446
700 88199.99999999999 6.945750000000001e+07 -26008.628178055224
1050 77174.99999999999 9.839812500000001e+07 -38283.85228247884
1400 66149.99999999999 1.2348e+08 -49206.945870000505
1750 55124.999999999985 1.44703125e+08 -59281.643839073884
2100 44099.999999999985 1.620675e+08 -67367.9145774091
2450 33074.999999999985 1.75573125e+08 -74340.66606653093
2800 22049.999999999985 1.8522e+08 -78900.79251569047
3150 11024.999999999985 1.91008125e+08 -82188.32553717756
3500 -1.4551915228366852e-11 1.929375e+08 -82851.13461409029
3850 -11025.000000000015 1.91008125e+08 -82188.32553717756
4200 -22050.000000000015 1.8522e+08 -78900.79251569047
4550 -33075.000000000015 1.75573125e+08 -74340.66606653093
4900 -44100.000000000015 1.6206749999999988e+08 -67367.91457740909
5250 -55125.000000000015 1.4470312499999988e+08 -59281.64383907388
5600 -66150.00000000001 1.2347999999999988e+08 -49206.9458700005
5950 -77175.00000000001 9.839812499999988e+07 -38283.85228247883
6300 -88200.00000000001 6.945749999999988e+07 -26008.628178055216
6650 -99225.00000000001 3.665812499999988e+07 -13256.18153825444
7000 -110250.00000000001 -1.1920928955078125e-07 -0
